0         0         
65535     65535     
65535     0         
0         65535     
255       65280     
31280     53242     
57247     47429     
30776     56067     
26400     6851      
55670     61667     
32377     15746     
19512     19086     
21063     20312     
25805     30494     
13123     27696     
2731      31559     
31090     52117     
15954     59580     
46012     52005     
28415     62742     
25536     17988     
61127     36285     
16417     2809      
6987      52613     
21652     48536     
52115     59045     
51326     20402     
35126     32324     
33516     63172     
32112     45956     
17086     37309     
63325     2398      
27467     61894     
35382     57048     
29266     46382     
63483     34867     
633       59262     
22400     59802     
55706     15995     
3536      63303     
49528     7401      
10315     45050     
38811     40292     
41870     38437     
6310      2174      
27760     9969      
43846     2660      
60088     5633      
11691     12338     
17237     63199     
47322     61587     
1372      27015     
25117     625       
36047     36136     
39223     5527      
24195     61227     
65419     12063     
47426     57381     
22641     7633      
63325     52614     
63321     31439     
40835     10248     
26936     47677     
51655     48297     
4296      21227     
969       2610      
44379     15143     
55460     47112     
15311     65075     
25818     21286     
47053     4877      
47744     38095     
6346      18662     
31260     37970     
55079     30671     
25519     52272     
61598     32714     
57172     30930     
23190     8587      
39700     5813      
45492     57182     
16939     53363     
30489     21063     
59610     51486     
6873      30792     
31993     11761     
1239      36943     
1440      60326     
15798     21706     
27519     57636     
21219     39219     
43578     48482     
10180     4918      
37027     48449     
62612     31309     
12537     13414     
44142     44936     
49944     60816     
59413     64390     
61074     20664     
42005     22115     
24884     47380     
39253     51507     
34506     20221     
36146     14589     
44113     18981     
65172     26181     
6892      10166     
37310     637       
61171     62395     
47496     18620     
37951     21143     
44834     29322     
603       29628     
36864     61657     
38058     60439     
43302     26862     
6040      6491      
63697     8289      
64653     4210      
16299     44930     
64321     1826      
3723      16887     
7330      13613     
63941     51358     
17169     24033     
61243     57981     
30187     51442     
39348     38775     
38293     62878     
25507     8246      
62591     17750     
61421     17678     
8242      65186     
54031     28384     
44616     64310     
12359     64658     
10181     56561     
21386     26877     
47943     2733      
61867     13391     
4881      56627     
33510     8523      
44592     11804     
7134      30506     
20802     41812     
47268     52491     
9844      60375     
21015     7967      
18534     10748     
26314     19530     
42260     64123     
50625     62065     
40982     917       
42840     47824     
50637     52389     
59415     58859     
22576     32014     
17854     64202     
26090     54004     
22827     43972     
32761     16815     
41255     20988     
2406      62494     
59377     32473     
50495     8699      
3850      64795     
37749     62927     
20460     41120     
56783     58849     
21887     63031     
50270     58858     
24491     20579     
36132     60273     
47260     12264     
50251     4388      
37652     14513     
21616     58141     
50089     61401     
14471     2261      
51607     13144     
1622      48158     
4030      62443     
46803     2564      
24393     59202     
41908     47562     
32359     23977     
48566     61029     
16263     20001     
62790     56586     
54532     1232      
20619     55054     
35248     54463     
13869     25741     
10164     38081     
42212     27522     
50147     27577     
6584      10569     
15598     48174     
21133     31123     
56284     15693     
25105     2465      
8073      50845     
60099     28209     
8877      42969     
65084     26064     
46139     10785     
61703     51364     
42700     58117     
35080     57068     
54696     37540     
55743     27648     
58364     27667     
62178     14545     
1702      7522      
60152     44517     
31888     50320     
17925     39074     
10779     44586     
11524     55834     
5904      70        
39433     62008     
62625     45071     
61150     39261     
106       28253     
12614     28679     
14428     25118     
33637     24636     
39066     30048     
30514     42088     
45420     54100     
51871     19052     
49354     2745      
39153     4218      
45008     19826     
3378      13741     
4773      52394     
50314     55408     
6262      63147     
63970     5440      
39353     44063     
12081     43964     
42718     504       
57779     4150      
19955     23004     
56337     32049     
46324     34675     
48301     54941     
16214     26498     
2670      34578     
49072     19593     
14496     25692     
61061     38077     
34250     38673     
47929     48926     
6264      59029     
24407     52813     
56938     50517     
28062     6673      
15269     15998     
58409     11218     
57449     62658     
18588     41651     
54880     5256      
14133     47074     
36118     40828     
14586     46266     
50548     41202     
36265     40395     
17517     4753      
15501     2484      
65298     60701     
8503      18597     
41391     19943     
62426     43265     
5304      20041     
32161     25067     
10177     3955      
13924     19992     
57653     30268     
42498     27838     
47687     45497     
42158     8539      
23481     26223     
15320     23240     
33379     39273     
9400      51176     
64517     60733     
5026      1882      
5326      59833     
31416     31755     
43733     29154     
13798     44492     
12215     18759     
19795     28432     
46921     22621     
6346      60255     
57388     39125     
63322     58644     
8865      12374     
9304      34781     
57427     4048      
56366     42623     
24211     30718     
14454     23907     
2584      41974     
56833     29320     
32769     41890     
64420     22826     
59355     63592     
40387     2462      
58619     22145     
43548     29108     
40116     13332     
18811     46758     
33737     31833     
15742     28117     
1061      23141     
58529     59491     
62408     39999     
8861      58381     
49086     20760     
24584     14599     
35556     53685     
42184     25150     
8360      60860     
5124      18901     
61959     52709     
51732     42161     
64905     54262     
49758     37132     
41036     16994     
24900     5284      
55169     60417     
6891      34101     
1037      62290     
36302     8599      
395       22516     
19139     59880     
53226     3883      
9520      12068     
20988     45339     
35179     59447     
29325     30939     
36352     23450     
39567     35762     
40932     21108     
34414     53090     
6571      40958     
34666     43088     
27409     54928     
59613     40526     
44151     56826     
56391     1640      
47995     11097     
63553     60154     
55570     60553     
9313      31892     
41359     29266     
2697      27920     
46007     74        
24719     65031     
9243      2857      
32284     23797     
56663     11848     
64769     47275     
15262     37162     
18501     10494     
12283     64552     
9359      35834     
35656     43670     
20233     25606     
15916     24723     
17211     11545     
48254     55998     
10757     50178     
47962     192       
8671      59787     
39596     10132     
7913      46475     
12124     5398      
370       38979     
29886     61810     
30110     50101     
20272     63683     
30320     4066      
49680     7478      
59616     64210     
21015     15631     
18260     35541     
12475     4731      
39077     22997     
13543     54866     
7338      22757     
18398     47733     
50224     48820     
53270     18427     
19479     27345     
20860     53884     
32490     8748      
56754     53752     
40697     23593     
52198     55062     
37263     5782      
12130     42333     
35963     30992     
30942     63564     
4854      51226     
50159     43161     
6753      59652     
22245     18368     
48104     29789     
10986     18970     
4022      26051     
30599     37981     
63113     32092     
10681     31013     
8772      6754      
49017     10594     
47226     24990     
28386     25771     
10110     39114     
35231     1325      
43135     10371     
978       14497     
46374     5715      
56692     40767     
43925     61184     
7449      30547     
15685     38672     
8390      58525     
44744     17932     
53681     39550     
61574     55216     
30413     64374     
15649     25578     
59995     15322     
28455     41170     
37007     61060     
45630     22580     
41860     61682     
16019     2759      
61364     24581     
40493     54979     
58248     34833     
44115     45096     
53820     58014     
11652     31546     
13008     2155      
6256      25363     
34568     9667      
3109      13819     
58863     44477     
64401     16989     
24525     52517     
45964     21064     
28134     23642     
33670     22207     
30218     36475     
32898     12227     
14949     29404     
55605     63156     
3129      963       
44991     50517     
57629     42274     
30564     41980     
62702     28209     
31348     28829     
38836     55778     
37488     59855     
16798     43500     
37361     24175     
65394     3587      
57975     55217     
58326     25925     
47197     19157     
62031     4387      
59268     49146     
55336     9065      
33897     6529      
55428     56103     
63674     64434     
13787     36960     
65005     14554     
17391     15433     
25898     29948     
6205      21399     
38044     42604     
13420     8321      
31532     10011     
37553     1975      
34959     40511     
55243     32731     
35388     63219     
46498     31049     
41033     15903     
31444     46687     
38134     221       
17958     42759     
8398      46661     
